392465817
741893625
685271439
254138796
839627154
176954283
967582341
423719568
518346972

483921657
967345821
251876493
548132976
729564138
136798245
372689514
814253769
695417382

245981376
169273584
837564219
976125438
513498627
482736951
391657842
728349165
654812793

462831957
795426183
381795426
173984265
659312748
248567319
926178534
834259671
517643892

137256849
928314567
465897312
673542981
819673254
542189736
256731498
391428675
784965123

123456789
234567891
345678912
456789123
567891234
678912345
789123456
891234567
912345678

523816749
784593126
691472835
239145687
457268913
168937254
342789561
815624379
976351482

137256894
928314567
465897312
673542981
819673254
542189736
256731498
391428675
784965123

967345821
251876493
548132976
729564138
136798245
372689514
814253769
695417382
483921657

392465817
741893625
685271439
254138796
839627154
176954283
927582341
423719568
518346972

